%YAML:1.0
---
CameraMatrix: !!opencv-matrix
   rows: 3
   cols: 3
   dt: d
   data: [ 6.6072328571455739e+002, 0., 3.0775137464437421e+002, 0.,
       6.6196073410560405e+002, 2.3973651882186709e+002, 0., 0., 1. ]
