%YAML:1.0
---
EssentialMatrix: !!opencv-matrix
   rows: 3
   cols: 3
   dt: d
   data: [ -5.0235224626716657e-001, 4.5133864826958936e-001,
       8.3459910502817949e-003, -3.2255958135071622e-001,
       -4.8758278060392735e-001, 2.9642185784140612e-001,
       3.0714130785994576e-001, 5.6024097775853231e-002,
       -1.2939836895272908e-001 ]
