%YAML:1.0
---
FundamentalMatrix: !!opencv-matrix
   rows: 3
   cols: 3
   dt: d
   data: [ 2.9162061876185710e-006, 1.0408454030480258e-006,
       -1.7557993203243250e-003, 2.3064762922232057e-006,
       -2.3345250360079918e-006, -1.1426330181940614e-004,
       -2.1026382190038467e-003, -9.1470422662408291e-005, 1. ]
