%YAML:1.0
---
R: !!opencv-matrix
   rows: 3
   cols: 3
   dt: d
   data: [ 6.5659583344026673e-001, 7.3401730727831893e-001,
       -1.7349496858631674e-001, -6.3495171276124607e-001,
       6.6207748112284837e-001, 3.9810768825982734e-001,
       4.0708504513239135e-001, -1.5123492191259880e-001,
       9.0078286197265611e-001 ]
