%YAML:1.0
---
T: !!opencv-matrix
   rows: 3
   cols: 1
   dt: d
   data: [ -2.9619584629735968e-001, -3.7510646683639542e-001,
       -8.7838667975653362e-001 ]
